1484035853.387285 -0.000841 -0.011230 0.011775 
1484035853.587731 0.003498 -0.005657 0.005432 
1484035853.754410 0.003945 -0.008669 0.004932 
1484035853.988090 -0.004009 -0.011035 0.002086 
1484035854.087790 -0.010497 -0.021187 0.000904 
1484035854.254522 -0.002460 -0.024723 0.002286 
1484035854.387571 -0.000444 -0.021934 0.002725 
1484035854.520907 0.000985 -0.029426 0.007852 
1484035854.654408 0.002291 -0.021013 0.005827 
1484035854.787303 -0.005647 -0.017798 -0.001786 
1484035854.920905 -0.005726 -0.018421 -0.004473 
1484035855.154432 -0.007234 -0.012515 -0.003236 
1484035855.320572 -0.005848 -0.010915 -0.001517 
1484035855.454054 -0.005315 -0.009839 -0.001252 
1484035855.620755 -0.000143 -0.007287 -0.001371 
1484035855.787400 -0.000980 -0.007132 -0.001625 
1484035855.953804 -0.003061 -0.009280 -0.002226 
1484035856.087510 -0.004241 -0.008912 -0.002480 
1484035856.287486 -0.003415 -0.009396 0.001324 
1484035856.520683 0.000752 -0.009634 0.005365 
1484035856.721039 0.002686 -0.008178 0.006570 
1484035856.920945 0.003897 -0.010214 0.005373 
1484035857.120994 0.003042 -0.008985 0.004309 
1484035857.320507 0.001652 -0.009580 0.003165 
1484035857.521050 0.001591 -0.007823 -0.000616 
1484035857.721072 0.002503 -0.007557 -0.001261 
1484035858.121101 -0.004943 -0.007265 -0.005987 
1484035858.420669 -0.003058 -0.008417 -0.003307 
1484035858.720810 -0.004250 -0.008586 -0.003621 
1484035858.954066 -0.004415 -0.007121 -0.004495 
1484035859.187349 -0.005347 -0.007839 -0.003463 
1484035859.587381 -0.003676 -0.006736 -0.002120 
1484035859.987489 -0.002151 -0.004880 -0.000456 
1484035860.221056 -0.002163 -0.005149 -0.000734 
1484035860.454507 -0.001213 -0.005510 -0.001328 
1484035860.721007 -0.000958 -0.003430 -0.000359 
1484035860.987529 -0.001106 -0.003443 0.000351 
1484035861.254787 -0.001309 -0.002403 0.000015 
1484035861.487817 -0.000028 -0.001605 0.000004 
1484035861.754682 0.000026 -0.001909 -0.000503 
1484035862.020905 0.000190 -0.002341 -0.000465 
1484035862.321237 0.000150 -0.003074 -0.000692 
1484035862.720807 0.001075 -0.000706 0.000012 
1484035863.020841 -0.000125 -0.001013 -0.000189 
1484035863.387540 0.000049 -0.001274 0.000738 
1484035863.687753 0.001473 -0.000501 0.002168 
1484035864.020633 0.000396 -0.001582 0.000608 
1484035864.354219 0.000252 -0.002387 -0.000824 
1484035864.654167 -0.001266 -0.002181 -0.001460 
1484035864.987574 -0.000238 -0.002197 -0.000341 
1484035865.356657 0.001463 -0.002277 -0.000252 
1484035865.920862 -0.000323 -0.002138 0.000092 
1484035866.254500 -0.000508 -0.002574 -0.000148 
1484035866.587551 -0.000051 -0.001940 0.000296 
1484035866.954165 0.000074 -0.001813 0.000621 
1484035867.320956 0.000325 -0.001502 0.000206 
1484035867.687731 0.000145 -0.001754 0.000341 
1484035868.054537 0.000582 -0.001050 0.000514 
1484035868.420901 0.000206 -0.001746 -0.000001 
1484035868.754758 0.000152 -0.002474 -0.000018 
1484035869.154167 -0.000009 -0.000286 0.000603 
1484035869.587732 -0.000413 -0.001804 -0.000803 
1484035869.987411 0.000204 -0.001038 0.000105 
1484035870.387326 0.000291 -0.001137 -0.000637 
1484035870.787642 -0.000143 -0.001808 -0.000465 
1484035871.187306 -0.000101 -0.001594 -0.000351 
1484035871.620992 0.000014 -0.001343 -0.000228 
1484035872.054024 0.000255 -0.001083 0.000539 
1484035872.487655 0.000156 -0.001093 -0.000177 
1484035872.920973 0.000314 -0.000843 0.000640 
1484035873.354109 0.000896 -0.000693 0.000019 
1484035873.787103 0.000877 -0.001375 0.000458 
1484035874.253892 0.000769 -0.001803 -0.000130 
1484035874.720842 0.000206 -0.001298 -0.000731 
1484035875.187613 0.000181 -0.001275 -0.000528 
1484035875.653925 -0.000118 -0.001284 -0.000453 
1484035876.121000 0.000300 -0.001212 -0.000553 
1484035876.587669 -0.000062 -0.001455 -0.000569 
1484035876.954178 -0.000479 -0.001419 -0.000461 
1484035877.354380 -0.000149 -0.000715 -0.000490 
1484035877.654330 -0.000202 -0.001046 -0.000455 
1484035878.021006 -0.000149 -0.001212 -0.000646 
1484035878.387571 -0.000076 -0.000233 -0.000291 
1484035878.887826 -0.000532 -0.002107 -0.001179 
1484035879.254273 -0.000235 -0.001500 -0.000543 
1484035879.688025 -0.000235 -0.001897 -0.000964 
1484035880.087475 -0.000227 -0.001720 -0.000550 
1484035880.387650 -0.000234 -0.001385 -0.000564 
1484035880.654190 -0.000130 -0.001458 -0.000660 
1484035880.954062 -0.000194 -0.001272 -0.000464 
1484035881.254143 -0.000064 -0.001274 -0.000457 
1484035881.487632 -0.000042 -0.001350 -0.000485 
1484035881.820752 -0.000027 -0.001623 -0.000423 
1484035882.154033 0.000057 -0.001126 -0.000441 
1484035882.454291 0.000035 -0.001239 -0.000687 
1484035882.754410 0.000057 -0.001008 -0.000749 
1484035883.087600 0.000043 -0.001117 -0.000652 
1484035883.387976 -0.000160 -0.001651 -0.000775 
