1484035853.387285 0.066967 0.066965 0.006836 0.000847 0.000436 0.000118 
1484035853.587731 0.103843 0.103842 0.010539 0.001079 0.000496 0.000288 
1484035853.754410 0.120169 0.120168 0.012182 0.001348 0.000703 0.000328 
1484035853.988090 0.142660 0.142657 0.014469 0.001533 0.000872 0.000353 
1484035854.087790 0.158710 0.158708 0.016093 0.001761 0.000979 0.000488 
1484035854.254522 0.230082 0.230080 0.023360 0.002543 0.001131 0.000705 
1484035854.387571 0.232406 0.232405 0.023592 0.002450 0.001132 0.000831 
1484035854.520907 0.349983 0.349982 0.035729 0.003563 0.001201 0.000898 
1484035854.654408 0.459127 0.459124 0.047081 0.004199 0.001353 0.001009 
1484035854.787303 0.658417 0.658410 0.067550 0.004274 0.001656 0.001108 
1484035854.920905 0.658830 0.658823 0.067663 0.004440 0.001730 0.001274 
1484035855.154432 0.802578 0.802563 0.082176 0.005954 0.003524 0.002057 
1484035855.320572 0.927896 0.927880 0.094818 0.007237 0.003731 0.002821 
1484035855.454054 1.125284 1.125262 0.115649 0.008472 0.004116 0.002957 
1484035855.620755 1.248605 1.248583 0.127795 0.012227 0.005302 0.003327 
1484035855.787400 1.249439 1.249417 0.127877 0.012236 0.005332 0.003365 
1484035855.953804 1.390072 1.390050 0.141421 0.019775 0.007817 0.003913 
1484035856.087510 1.390462 1.390440 0.141465 0.019887 0.007808 0.003912 
1484035856.287486 1.432456 1.432432 0.145658 0.021339 0.008299 0.004324 
1484035856.520683 1.533242 1.533215 0.155747 0.023775 0.009280 0.005318 
1484035856.721039 1.536491 1.536464 0.156102 0.024469 0.009299 0.005711 
1484035856.920945 1.572856 1.572834 0.159744 0.025757 0.009380 0.006515 
1484035857.120994 1.663622 1.663597 0.168798 0.028344 0.009743 0.008244 
1484035857.320507 1.665479 1.665454 0.168970 0.028107 0.009745 0.008279 
1484035857.521050 1.756372 1.756303 0.178120 0.030120 0.016305 0.010380 
1484035857.721072 1.758157 1.758088 0.178303 0.030281 0.016371 0.010424 
1484035858.121101 1.806435 1.806342 0.183160 0.030689 0.019689 0.010986 
1484035858.420669 1.960033 1.959889 0.198606 0.031077 0.025699 0.011924 
1484035858.720810 1.977979 1.977832 0.200422 0.031116 0.026132 0.012120 
1484035858.954066 2.066274 2.066127 0.209313 0.031733 0.026500 0.012470 
1484035859.187349 2.234910 2.234761 0.226284 0.033289 0.027323 0.013005 
1484035859.587381 2.253826 2.253672 0.228201 0.033060 0.027815 0.013044 
1484035859.987489 2.498525 2.498331 0.252954 0.034800 0.032565 0.013780 
1484035860.221056 2.515526 2.515330 0.254671 0.033984 0.032309 0.013838 
1484035860.454507 2.611784 2.611556 0.264424 0.036685 0.031044 0.014189 
1484035860.721007 2.616281 2.616052 0.264873 0.036693 0.028891 0.014213 
1484035860.987529 2.695390 2.695152 0.272846 0.037565 0.024896 0.013996 
1484035861.254787 2.701899 2.701662 0.273505 0.037609 0.024348 0.013963 
1484035861.487817 2.829110 2.828840 0.286361 0.042349 0.028023 0.014876 
1484035861.754682 2.833258 2.832988 0.286782 0.042399 0.027879 0.014871 
1484035862.020905 2.839404 2.839134 0.287405 0.042481 0.027858 0.014876 
1484035862.321237 2.848174 2.847904 0.288295 0.042581 0.027853 0.014940 
1484035862.720807 2.878120 2.877851 0.291329 0.042729 0.027721 0.014867 
1484035863.020841 3.039090 3.038821 0.307596 0.043544 0.028233 0.015351 
1484035863.387540 3.060534 3.060266 0.309759 0.043561 0.028175 0.015519 
1484035863.687753 3.081867 3.081593 0.311920 0.044072 0.028245 0.015576 
1484035864.020633 3.097612 3.097337 0.313514 0.044316 0.028190 0.015626 
1484035864.354219 3.231805 3.231537 0.327127 0.045059 0.029215 0.015883 
1484035864.654167 3.246878 3.246610 0.328659 0.045400 0.029583 0.016059 
1484035864.987574 3.261859 3.261593 0.330176 0.045490 0.029615 0.016137 
1484035865.356657 3.289584 3.289316 0.332986 0.045880 0.029604 0.016390 
1484035865.920862 3.426296 3.426031 0.346840 0.046545 0.029750 0.016645 
1484035866.254500 3.586070 3.585821 0.363068 0.047061 0.030771 0.017857 
1484035866.587551 3.604621 3.604374 0.364952 0.047121 0.030562 0.017709 
1484035866.954165 3.629145 3.628901 0.367443 0.047204 0.030502 0.017491 
1484035867.320956 3.661571 3.661329 0.370736 0.047394 0.030590 0.017301 
1484035867.687731 3.693752 3.693513 0.374005 0.047782 0.030954 0.017273 
1484035868.054537 3.725662 3.725424 0.377246 0.048084 0.031194 0.017187 
1484035868.420901 3.757194 3.756957 0.380447 0.048435 0.031503 0.017301 
1484035868.754758 3.780844 3.780609 0.382849 0.048811 0.031905 0.017318 
1484035869.154167 3.811449 3.811216 0.385953 0.049197 0.032430 0.017368 
1484035869.587732 3.877217 3.876989 0.392622 0.050390 0.034179 0.017694 
1484035869.987411 3.942022 3.941797 0.399200 0.051147 0.034997 0.018100 
1484035870.387326 3.992062 3.991839 0.404273 0.051609 0.035557 0.018165 
1484035870.787642 4.041715 4.041496 0.409311 0.052180 0.036445 0.018108 
1484035871.187306 4.090677 4.090461 0.414280 0.052475 0.036875 0.018135 
1484035871.620992 4.152203 4.151989 0.420526 0.052846 0.037163 0.018440 
1484035872.054024 4.229043 4.228831 0.428323 0.053220 0.037405 0.018668 
1484035872.487655 4.304478 4.304270 0.435979 0.053808 0.038125 0.018978 
1484035872.920973 4.378755 4.378550 0.443513 0.054724 0.039491 0.019016 
1484035873.354109 4.451544 4.451337 0.450894 0.056185 0.040772 0.019329 
1484035873.787103 4.523004 4.522794 0.458144 0.057593 0.041953 0.019514 
1484035874.253892 4.611005 4.610796 0.467059 0.059135 0.044175 0.019531 
1484035874.720842 4.718889 4.718681 0.478010 0.062619 0.048340 0.019596 
1484035875.187613 4.824358 4.824153 0.488713 0.064977 0.051323 0.019720 
1484035875.653925 4.927166 4.926969 0.499146 0.065791 0.052861 0.019745 
1484035876.121000 5.028076 5.027888 0.509388 0.065947 0.053459 0.019774 
1484035876.587669 5.127226 5.127046 0.519449 0.066022 0.053974 0.019959 
1484035876.954178 5.175138 5.174963 0.524310 0.066155 0.054482 0.019979 
1484035877.354380 5.204753 5.204581 0.527315 0.066296 0.054730 0.020027 
1484035877.654330 5.221221 5.221050 0.528986 0.066419 0.054909 0.020075 
1484035878.021006 5.233719 5.233549 0.530254 0.066494 0.055002 0.020136 
1484035878.387571 5.256226 5.256056 0.532537 0.066649 0.055205 0.020190 
1484035878.887826 5.314321 5.314158 0.538414 0.067027 0.055934 0.020445 
1484035879.254273 5.371737 5.371580 0.544235 0.067290 0.056612 0.020617 
1484035879.688025 5.408215 5.408060 0.547936 0.067397 0.056762 0.020730 
1484035880.087475 5.454850 5.454696 0.552667 0.067469 0.056819 0.020706 
1484035880.387650 5.470508 5.470354 0.554255 0.067473 0.056830 0.020735 
1484035880.654190 5.475073 5.474920 0.554718 0.067486 0.056855 0.020746 
1484035880.954062 5.479621 5.479468 0.555180 0.067502 0.056874 0.020760 
1484035881.254143 5.486082 5.485929 0.555836 0.067527 0.056890 0.020754 
1484035881.487632 5.489178 5.489024 0.556150 0.067556 0.056906 0.020763 
1484035881.820752 5.493476 5.493322 0.556586 0.067661 0.056990 0.020786 
1484035882.154033 5.505570 5.505416 0.557811 0.067989 0.057302 0.020860 
1484035882.454291 5.514432 5.514279 0.558710 0.068311 0.057702 0.020875 
1484035882.754410 5.520877 5.520724 0.559364 0.068532 0.057958 0.020951 
1484035883.087600 5.529696 5.529543 0.560258 0.068805 0.058302 0.020959 
1484035883.387976 5.538521 5.538370 0.561154 0.069127 0.058754 0.020986 
