1483769778.605984 0.051904 9.410432 -2.770775 0.851322 9.771608 -0.164415 
1483769778.739398 0.467475 9.575106 -2.082050 0.854704 9.771214 -0.170200 
1483769778.872630 -2.282939 9.442827 -1.362837 0.849711 9.771702 -0.167177 
1483769778.972692 -2.018556 9.488345 -1.460428 0.845394 9.772073 -0.167358 
1483769779.105653 -2.620881 9.418571 -0.810943 0.709890 9.781651 -0.226884 
1483769779.205820 -0.117167 9.788644 0.636270 0.713761 9.782036 -0.196023 
1483769779.339141 -0.593619 9.782460 0.432652 0.706652 9.782442 -0.201427 
1483769779.472165 -1.494787 9.528782 -1.789982 0.715297 9.781661 -0.208737 
1483769779.572625 -1.948992 9.356678 -2.211360 0.716689 9.781535 -0.209825 
1483769779.672675 1.326260 7.954781 -5.585572 0.713066 9.781715 -0.213749 
1483769779.806882 1.042208 7.625436 -6.082979 0.704383 9.782171 -0.221534 
1483769779.939085 1.612885 7.594328 -5.996740 0.710662 9.782204 -0.198903 
1483769780.039396 1.749242 7.738820 -5.769483 0.713482 9.782128 -0.192382 
1483769780.172713 2.249638 8.261518 -4.787751 0.707517 9.782513 -0.194862 
1483769780.305513 0.770029 7.666305 -6.072144 0.715972 9.781718 -0.203643 
1483769780.405991 0.886930 7.828316 -5.845248 0.713437 9.781854 -0.206052 
1483769780.505377 0.746960 8.235766 -5.277340 0.698030 9.782990 -0.204845 
1483769780.605838 1.320925 8.078456 -5.406462 0.704796 9.782514 -0.204459 
1483769780.738975 0.616879 7.680557 -6.071624 0.718401 9.781325 -0.213730 
1483769780.839194 0.594054 7.639672 -6.125244 0.726519 9.780680 -0.215833 
1483769780.905372 1.779860 9.057566 -3.320950 0.717450 9.781295 -0.218290 
1483769781.005652 1.716783 9.622434 -0.835184 0.718780 9.781400 -0.209001 
1483769781.105859 0.930120 9.765380 -0.091273 0.711269 9.781728 -0.219113 
1483769781.206138 0.908224 9.767666 -0.062878 0.708642 9.781872 -0.221170 
1483769781.306181 0.868700 9.768992 -0.219676 0.711756 9.781726 -0.217586 
1483769781.439297 0.939895 9.764609 -0.071484 0.718482 9.781611 -0.199932 
1483769781.572783 0.993533 9.759456 -0.045123 0.719544 9.781680 -0.192631 
1483769781.705690 0.726024 9.729812 1.019688 0.702580 9.782932 -0.191670 
1483769781.806114 0.766444 9.725769 1.028633 0.701461 9.783128 -0.185672 
1483769781.939150 0.694336 9.414231 2.669504 0.655959 9.786021 -0.199031 
1483769782.072374 0.678325 9.420511 2.651406 0.653657 9.786039 -0.205606 
1483769782.172833 0.680600 9.423786 2.639154 0.661797 9.785587 -0.201023 
1483769782.305707 0.679261 9.421243 2.648565 0.687539 9.783648 -0.208891 
1483769782.405953 -0.084480 9.546666 2.256135 0.766608 9.777562 -0.218405 
1483769782.506017 -0.083614 9.547256 2.253664 0.765207 9.777640 -0.219810 
1483769782.606195 -0.068607 9.550517 2.240319 0.758108 9.778340 -0.213156 
1483769782.672321 0.113539 9.570609 2.150966 0.738650 9.779991 -0.205598 
1483769782.772613 0.173723 9.594909 2.035598 0.718526 9.781463 -0.206915 
1483769782.906040 0.174570 9.594108 2.039297 0.716300 9.781700 -0.203368 
1483769783.006126 0.173252 9.628804 1.868749 0.705664 9.782548 -0.199737 
1483769783.105715 0.191622 9.625443 1.884209 0.691741 9.783681 -0.192852 
1483769783.205999 0.384158 9.685900 1.507275 0.680924 9.784951 -0.164878 
1483769783.339231 0.382090 9.686059 1.506774 0.679672 9.785034 -0.165096 
1483769783.439561 0.476393 9.667746 1.594945 0.674806 9.785077 -0.181717 
1483769783.573421 0.449160 9.699678 1.396641 0.695426 9.783591 -0.183917 
1483769783.705575 0.414744 9.740182 1.092226 0.719619 9.781620 -0.195382 
1483769783.805846 0.415114 9.741515 1.080125 0.727525 9.781040 -0.195126 
1483769783.905496 0.609976 9.691701 1.391033 0.729632 9.780819 -0.198290 
1483769784.005958 0.882852 9.664074 1.436091 0.720357 9.781272 -0.209558 
1483769784.072420 0.944812 9.695326 1.159356 0.717533 9.781645 -0.201683 
1483769784.205592 1.090385 9.732575 0.569334 0.717795 9.781677 -0.199167 
1483769784.305470 1.092136 9.732353 0.569773 0.717211 9.781705 -0.199941 
1483769784.438840 1.012182 9.750189 0.381332 0.717248 9.781902 -0.189862 
1483769784.572319 0.844746 9.773070 0.097979 0.710566 9.782265 -0.196221 
1483769784.705554 0.864409 9.770516 -0.160962 0.716128 9.781988 -0.189682 
1483769784.805614 0.870905 9.770085 -0.151885 0.721546 9.781559 -0.191278 
1483769784.871824 0.891866 9.768359 -0.140897 0.721622 9.781481 -0.194916 
1483769784.972350 0.965384 9.761754 -0.110923 0.716756 9.781767 -0.198499 
1483769785.105163 1.091418 9.749091 -0.011561 0.711881 9.782008 -0.204049 
1483769785.205304 1.085283 9.749761 -0.020892 0.706997 9.782385 -0.203017 
1483769785.272030 1.095936 9.748555 0.026357 0.719433 9.781509 -0.201482 
1483769785.372050 1.084947 9.749787 0.025409 0.718055 9.781729 -0.195652 
1483769785.472056 1.091438 9.749093 0.006797 0.708751 9.782337 -0.199132 
1483769785.573683 1.072867 9.750891 -0.072048 0.671970 9.785013 -0.195167 
1483769785.705446 1.051101 9.752778 -0.120873 0.644937 9.786876 -0.192938 
1483769785.805752 1.054846 9.752391 -0.119463 0.646154 9.786761 -0.194678 
1483769785.939249 1.072531 9.751135 -0.033872 0.659837 9.785798 -0.197160 
1483769786.072335 1.085775 9.748940 0.123958 0.676852 9.784921 -0.182520 
1483769786.205690 1.083411 9.749342 0.112497 0.670843 9.785297 -0.184475 
1483769786.338938 1.096867 9.747644 0.128170 0.679589 9.784625 -0.188073 
1483769786.405632 1.102665 9.746831 0.139752 0.687528 9.783915 -0.196052 
1483769786.505599 1.092341 9.747806 0.152273 0.691219 9.783316 -0.212285 
1483769786.605866 1.058059 9.751951 0.126782 0.677424 9.784109 -0.220043 
1483769786.739042 1.068773 9.750704 0.132689 0.680582 9.783778 -0.224931 
1483769786.839200 1.059520 9.751631 0.138601 0.672993 9.784478 -0.217173 
1483769786.939205 1.123873 9.742106 0.253732 0.670134 9.784770 -0.212848 
1483769787.071975 1.202430 9.728631 0.379502 0.659387 9.785762 -0.200480 
1483769787.172378 1.198255 9.728957 0.384286 0.660040 9.785771 -0.197822 
1483769787.239209 1.179382 9.731749 0.371807 0.660475 9.785641 -0.202792 
1483769787.305722 1.098264 9.742859 0.326541 0.668483 9.784847 -0.214497 
1483769787.405639 0.907912 9.765495 0.216576 0.682949 9.784170 -0.199252 
1483769787.472130 0.901715 9.766246 0.208443 0.680269 9.784378 -0.198206 
1483769787.573934 0.844477 9.772220 0.163378 0.672211 9.784935 -0.198229 
1483769787.638884 0.816758 9.775711 0.066943 0.671603 9.784822 -0.205719 
1483769787.705509 0.732075 9.782515 0.050781 0.674536 9.784575 -0.207831 
1483769787.805766 0.726275 9.782972 0.045709 0.672530 9.784742 -0.206445 
1483769787.939227 0.737744 9.782205 0.017898 0.676715 9.784478 -0.205324 
1483769788.039424 0.788774 9.778226 -0.015561 0.678109 9.784269 -0.210591 
1483769788.172363 0.838225 9.773822 -0.076746 0.673154 9.784683 -0.207231 
1483769788.305757 0.848585 9.772923 -0.077503 0.674635 9.784440 -0.213790 
1483769788.405838 0.814790 9.775899 -0.063452 0.669979 9.784879 -0.208284 
1483769788.505795 0.820868 9.775091 -0.099348 0.661238 9.785338 -0.214515 
1483769788.638908 0.758608 9.779559 -0.144388 0.639007 9.786722 -0.218755 
1483769788.705349 0.669012 9.786460 -0.117207 0.670610 9.784814 -0.209325 
1483769788.805646 0.672097 9.786326 -0.110464 0.674876 9.784506 -0.209981 
1483769788.905665 0.655212 9.787889 -0.063491 0.679117 9.784150 -0.212890 
1483769789.038901 0.628966 9.789435 -0.086327 0.693822 9.783122 -0.212713 
1483769789.139091 0.664805 9.787039 -0.089505 0.688734 9.783063 -0.231164 
1483769789.239068 0.833406 9.774177 -0.083820 0.679249 9.783754 -0.229967 
1483769789.372205 0.831167 9.774357 -0.084960 0.677996 9.783872 -0.228664 
1483769789.505613 0.880146 9.769941 -0.098470 0.677703 9.783989 -0.224468 
1483769789.605873 0.953085 9.763180 -0.089784 0.688774 9.783646 -0.204879 
1483769789.739209 1.021806 9.756164 -0.096428 0.706368 9.782377 -0.205517 
1483769789.838927 1.023535 9.755980 -0.096701 0.706536 9.782341 -0.206666 
1483769789.938978 1.009545 9.757484 -0.091760 0.697372 9.782972 -0.207930 
1483769790.039022 0.940053 9.764163 -0.116300 0.646400 9.786711 -0.196377 
1483769790.172397 0.945068 9.763833 -0.102568 0.634790 9.787271 -0.206070 
1483769790.305323 0.882836 9.769775 -0.090572 0.617292 9.788335 -0.208715 
1483769790.405622 0.882676 9.769765 -0.093219 0.615728 9.788423 -0.209202 
1483769790.538701 0.893993 9.768714 -0.095449 0.642546 9.786443 -0.220866 
1483769790.573077 0.879349 9.769907 -0.108541 0.667785 9.784548 -0.229789 
1483769790.638779 0.876538 9.770182 -0.106478 0.668428 9.784554 -0.227628 
1483769790.705328 0.883233 9.769644 -0.100305 0.668119 9.784549 -0.228765 
1483769790.805601 0.854382 9.772099 -0.110613 0.645907 9.786285 -0.217988 
1483769790.939031 0.831623 9.774261 -0.091226 0.638335 9.787153 -0.200646 
1483769791.039289 0.831838 9.774207 -0.095016 0.636265 9.787269 -0.201627 
1483769791.172429 0.832922 9.774058 -0.100632 0.634917 9.787352 -0.201865 
1483769791.306713 0.832474 9.773835 -0.123431 0.631628 9.787324 -0.213154 
1483769791.439292 0.852174 9.772285 -0.111212 0.645620 9.786264 -0.219801 
1483769791.506456 0.850630 9.772390 -0.113645 0.643949 9.786384 -0.219403 
1483769791.639051 0.847872 9.772704 -0.107158 0.645009 9.786351 -0.217706 
1483769791.772372 0.849320 9.772563 -0.108535 0.644994 9.786336 -0.218439 
1483769791.873085 0.851929 9.772068 -0.130424 0.637636 9.786508 -0.231916 
1483769791.972109 0.859036 9.771371 -0.135925 0.635913 9.786497 -0.237064 
1483769792.072132 0.852775 9.771854 -0.140504 0.632862 9.786759 -0.234372 
1483769792.172292 0.858446 9.771414 -0.136535 0.636836 9.786471 -0.235612 
1483769792.305429 0.848592 9.772468 -0.122004 0.644962 9.786180 -0.225424 
1483769792.405615 0.846470 9.772841 -0.105704 0.655174 9.785662 -0.218382 
1483769792.505637 0.843729 9.773068 -0.106588 0.654173 9.785759 -0.216997 
1483769792.605797 0.837517 9.773330 -0.129176 0.641173 9.786560 -0.219658 
1483769792.739155 0.848963 9.771941 -0.156658 0.629514 9.786916 -0.236833 
1483769792.872197 0.856298 9.771381 -0.151540 0.633750 9.786564 -0.240072 
1483769792.972324 0.845958 9.772408 -0.143251 0.634965 9.786638 -0.233731 
1483769793.073089 0.853181 9.771725 -0.146946 0.634253 9.786567 -0.238643 
1483769793.205446 0.841616 9.772689 -0.149500 0.630850 9.786936 -0.232436 
1483769793.305702 0.834492 9.773654 -0.124146 0.643201 9.786354 -0.222902 
1483769793.405784 0.836074 9.773662 -0.112404 0.650425 9.785927 -0.220654 
1483769793.472548 0.826125 9.774446 -0.117633 0.645877 9.786334 -0.215881 
1483769793.573446 0.821000 9.774666 -0.134085 0.635870 9.786979 -0.216391 
1483769793.706217 0.837008 9.773279 -0.136183 0.639640 9.786551 -0.224507 
