1484035853.387285 1.093012 2.796753 
1484035853.587731 2.798035 7.576555 
1484035853.754410 7.436704 9.552151 
1484035853.988090 9.787596 11.613790 
1484035854.087790 9.936056 11.997211 
1484035854.254522 10.158441 12.834391 
1484035854.387571 11.024399 13.248931 
1484035854.520907 8.070786 9.983280 
1484035854.654408 7.482769 8.713467 
1484035854.787303 7.636518 8.611840 
1484035854.920905 7.615665 8.274346 
1484035855.154432 7.846632 8.427825 
1484035855.320572 7.800615 8.342845 
1484035855.454054 7.483199 8.566792 
1484035855.620755 7.153956 7.954716 
1484035855.787400 7.135995 7.942865 
1484035855.953804 8.248639 8.301212 
1484035856.087510 8.191775 8.244466 
1484035856.287486 7.994061 8.193316 
1484035856.520683 7.633309 7.962581 
1484035856.721039 7.395432 7.733771 
1484035856.920945 7.207892 7.487205 
1484035857.120994 7.063361 7.313588 
1484035857.320507 7.122715 7.383550 
1484035857.521050 7.631827 7.592072 
1484035857.721072 7.590117 7.552532 
1484035858.121101 7.532196 7.498721 
1484035858.420669 7.491352 7.500258 
1484035858.720810 7.493365 7.513620 
1484035858.954066 7.654478 7.725297 
1484035859.187349 7.785788 7.908252 
1484035859.587381 7.858646 7.986124 
1484035859.987489 7.998511 8.092899 
1484035860.221056 8.355447 8.448116 
1484035860.454507 9.056016 9.179797 
1484035860.721007 9.841852 9.988889 
1484035860.987529 12.293238 12.459539 
1484035861.254787 12.763147 12.940383 
1484035861.487817 13.238825 13.280396 
1484035861.754682 13.420162 13.458308 
1484035862.020905 13.525662 13.567625 
1484035862.321237 13.569054 13.623024 
1484035862.720807 13.742358 13.821454 
1484035863.020841 13.890683 13.935448 
1484035863.387540 13.922905 13.994848 
1484035863.687753 14.069626 14.125319 
1484035864.020633 14.069046 14.155778 
1484035864.354219 14.068258 14.141985 
1484035864.654167 14.087354 14.218157 
1484035864.987574 14.185859 14.322593 
1484035865.356657 14.234491 14.397925 
1484035865.920862 14.532185 14.665848 
1484035866.254500 15.016669 14.989685 
1484035866.587551 15.467893 15.451091 
1484035866.954165 15.844401 15.839156 
1484035867.320956 16.311327 16.283339 
1484035867.687731 16.601088 16.604496 
1484035868.054537 16.864958 16.865414 
1484035868.420901 16.977938 16.940887 
1484035868.754758 17.095196 17.068029 
1484035869.154167 17.219681 17.193531 
1484035869.587732 17.114252 17.016788 
1484035869.987411 16.743807 16.842373 
1484035870.387326 16.768131 16.786692 
1484035870.787642 16.890623 16.964798 
1484035871.187306 16.996683 17.083969 
1484035871.620992 17.081472 17.140619 
1484035872.054024 17.127296 17.145947 
1484035872.487655 17.239758 17.222530 
1484035872.920973 17.195074 17.170843 
1484035873.354109 17.213930 17.159582 
1484035873.787103 17.152617 17.156742 
1484035874.253892 17.021410 16.858343 
1484035874.720842 17.077667 17.039236 
1484035875.187613 17.208412 17.198866 
1484035875.653925 17.269236 17.279320 
1484035876.121000 17.210491 17.245035 
1484035876.587669 17.175182 17.216574 
1484035876.954178 17.160639 17.212997 
1484035877.354380 17.177979 17.224234 
1484035877.654330 17.139835 17.188236 
1484035878.021006 17.092566 17.154299 
1484035878.387571 17.057482 17.094952 
1484035878.887826 16.684757 16.756641 
1484035879.254273 16.451750 16.591408 
1484035879.688025 16.292980 16.441301 
1484035880.087475 16.318527 16.478714 
1484035880.387650 16.281874 16.446043 
1484035880.654190 16.255281 16.427107 
1484035880.954062 16.225864 16.405161 
1484035881.254143 16.249321 16.419395 
1484035881.487632 16.247612 16.411636 
1484035881.820752 16.243683 16.405447 
1484035882.154033 16.182882 16.345602 
1484035882.454291 16.199383 16.347361 
1484035882.754410 16.137888 16.301260 
1484035883.087600 16.155512 16.304504 
1484035883.387976 16.145256 16.276045 
